MONTO_PAGADO
36693
201271
201271
36693
36693
65791
134181
201270
17103
100636
134180
36690
67090
42306
36693
80466
201271
33546
17100
77837
42306
36693
17100
33546
33049
36453
201270
67090
49574
238148
201271
33546
134181
36690
201271
39627
201271
32543
41781
100636
201270
158765
35114
67090
100636
201271
33985
201271
40095
201270
70836
100636
100636
201270
36693
201271
201271
67090
100636
36693
33546
36693
33546
36522
134181
33546
134181
201271
134181
201271
17103
67090
16525
516118
34545
71529
55878
70914
31891
67090
17103
201271
90706
33546
33546
201271
17103
46011
134181
36690
17103
36693
170814
47736
0
36693
201271
33550
84635
166195
201270
167818
92770
33546
201271
16525
201271
34408
33546
84953
17103
60756
67089
89382
79383
67090
51724
67090
201271
181673
224487
201271
36499
99966
100636
100636
33546
67090
33546
62964
31839
201271
49574
201271
100636
201271
117473
201271
201270
201271
100636
201270
100636
124674
36693
100636
49574
201271
100636
201270
27113
67090
93945
295960
201271
49992
201271
201271
33546
201270
201271
95230
134181
65337
195866
201270
33546
67480
111401
201270
33546
96676
201271
33049
107634
43660
134181
67090
51418
134181
33546
134181
165980
195746
33546
134181
54072
255043
134180
170445
63014
111550
33546
178769
286533
461093
134181
62503
164181
36690
33546
33546
33546
179836
33550
33546
16525
79868
36690
33546
67090
33546
343237
82854
33550
180681
91560
47736
42306
36693
134320
252384
286213
33546
85638
33546
201271
328249
90580
134180
706801
130641
175235
122531
81520
67090
67090
175235
36690
201271
67090
284608
219282
274719
30205
489723
134181
825888
423522
449958
134180
302874
67090
219673
100636
134180
698356
177366
298964
80863
213531
17103
83328
0
21967
21967
21967
21967
87013
80475
159504
70964
97224
165942
120591
27915
61164
123884
299458
248594
33546
21967
21967
21967
177600
177600
177600
177600
51594
44188
460548
17103
230154
230154
230154
230154
230154
230154
230154
230154
230154
230154
230154
230154
230154
230154
230154
230154
161131
181060
184029
28556
625920
89126
90627
160892
335431
88059
185870
10984
30553
98059
86605
290625
73064
134689
160370
110600
570642
84914
41725
374673
81985
95946
89992
60554
54672
79882
193906
97159
129632
0
122560
94026
56130
218221
37906
42392
54414
54414
177896
244212
43297
69996
54105
171930
28728
125050
101731
359649
134757
34702
141762
38483
43582
178652
56130
37050
69452
64954
68601
60591
178652
48081
149797
71122
59785
69996
65450
98367
78819
61802
44155
46992
150081
57887
65372
41444
63427
63427
126679
85093
171930
61534
162865
40325
54795
84795
56130
184714
199672
143537
143537
67770
122350
92147
71091
149420
69178
43914
41634
97230
166695
105735
27915
84899
196140
105722
235597
80267
97140
43297
64954
153621
69527
85347
222935
0
69231
47035
37833
33307
240318
37833
170806
62992
33307
33307
43297
0
78748
33307
55366
45912
80270
72382
36521
59055
191161
19912
36693
36693
36693
36690
17103
42306
36693
36693
70840
134181
201270
67090
201270
134180
47731
42306
36693
134181
54089
47736
42306
36693
17103
70836
47731
42306
36693
47731
42306
36693
201271
70836
36693
67090
201271
17103
19912
36693
17103
49574
67090
238149
201271
17103
67090
36693
42307
36693
19221
42306
36693
16475
13729
8238
8238
8238
54085
47736
42306
36693
67090
77235
33050
67090
201271
